11011001011111110111
11110010111101011000
11101011011101101000
11101011011101101000
11100010111101011100
11100011111001111000
11100011111001111000
11100011111001111000
11100011111001111000
10110011111101111100
10110011111101111100
11100011111101111100
11100011111101111100
11100001111101111101
11100001111101111101
11100001111101111101
11100011111101111000
11100011111101111000
11100011111101111000
11100011111101111000
11100011111101111000
11100011111101111000
11100011111101111000
11100011111101111000
11100011111101111000
11100011111101111000
11100011111101111000
11100011111101111000
11100011111101111000
11100011111101111000
11100011111101111000
11100011111101111000
11100011111101111000
11100011111101111000
11100011111101111000
11100011111101111000
11100011111101111000
11100011111101111000
11100011111101111000
11100011111101111000
11100011111101111000
11100011111101111000
11100011111101111000
11100011111101111000
11100011111101111000
11100011111101111000
11100011111101111000
11100011111101111000
11100011111101111000
11100011111101111000
11100011111101111000
11100011111101111000
11100011111101111000
11100011111101111000
11100011111101111000
11100011111101111000
11100011111101111000
11100011111101111000
11100011111101111000
11100011111101111000
11100011111101111000
11100011111101111000
11100011111101111000
11100011111101111000
11100011111101111000
11100011111101111000
11100011111101111000
11100011111101111000
11100011111101111000
11100011111101111000
11100011111101111000
11100011111101111000
11100011111101111000
11100011111101111000
11100011111101111000
11100011111101111000
11100011111101111000
11100011111101111000
11100011111101111000
11100011111101111000
11100011111101111000
11100011111101111000
11100011111101111000
11100011111101111000
11100011111101111000
11100011111101111000
11100011111101111000
11100011111101111000
11100011111101111000
11100011111101111000
11100011111101111000
11100011111101111000
11100011111101111000
11100011111101111000
11100011111101111000
11100011111101111000
11100011111101111000
11100011111101111000
11100011111101111000
11100011111101111000
11011101110110100111
11011101110110100111
11011101110110100111
11011101110110100111
11110001111101101001
11110001111101101001
11110001111101101001
11101001111101111100
11101001111101111100
11101001111101111100
11101001111101111000
11101001111101111000
11101001111101111000
11101001111101111000
11101001111101111000
11101001111101111000
11101001111101111000
11101001111101111000
11101001111101111000
11101001111101111000
11101001111101111000
11101001111101111000
11101001111101111000
11101001111101111000
11101001111101111000
11101001111101111000
11101001111101111000
11101001111101111000
11101001111101111000
11101001111101111000
11101001111101111000
11101001111101111000
11101001111101111000
10110101111101111000
10110101111101111000
10110101111101111000
10110101111101111000
10110101111101111000
10110101111100111010
10110101111100111010
10110101111100111010
10110101111100111010
10110101111100111010
10110101111100111010
10110101111100111010
10110101111100111010
10101011111101111010
10101011111101111010
10101011111101111000
10101011111101111000
10101011111101111000
10101011111101111000
10101011111101111000
10101011111101111000
10101011111101111000
10101011111101111000
10101011111101111000
10101011111101111000
10101011111101111000
10101011111101111000
10101011111101111000
10101011111101111000
10101011111101111000
10101011111101111000
10101011111101111000
10101011111101111000
10101011111101111000
10101011111101111000
10101011111101111000
10101011111101111000
10101011111101111000
10101011111101111000
10101011111101111000
10101011111101111000
10101011111101111000
10101011111101111000
10101011111101111000
10101011111101111000
10101011111101111000
10101011111101111000
10101011111101111000
10101011111101111000
10101011111101111000
10101011111101111000
10101011111101111000
10101011111101111000
10101011111101111000
11100011111101111000
11100011111101111000
11100011111101111000
11100011111101111000
11100011111101111000
11100011111101111000
11100011111101111000
11100011111101111000
11100011111101111000
11100011111101111000
11100011111101111000
11100011111101111000
11100011111101111000
11101011001101011000
11101011001101011000
11101011001101011000
11101011001101011000
10101111101101011000
10101111101101011000
10101111101101011000
10101111101101011000
10101111101101011000
10101111101101011000
10101111101101011000
10101111101101011000
10110001111101111111
10110001111101111111
10110001111101111111
10110101111101111000
10110101111101111000
10110101111101111000
10110101111101111000
10110101111101111000
10110101111101111000
10110101111101111000
10110101111101111000
10110101111101111000
10110101111101111000
10110101111101111000
10110101111101111000
10110101111101111000
10110101111101111000
10110101111101111000
10110101111101111000
10110101111101111000
10110101111101111000
10110011111101111000
10101101111101111000
10101101111101111000
10101101111101111000
10101101111101111000
10101101111101111000
10101101111101111000
10101101111101111000
10101101111101111000
10101101111101111000
10101101111101111000
10101101111101111000
10101101111101111000
10101101111101111000
10101101111101111000
10101101111101111000
10101101111101111000
10101101111101111000
10101101111101111000
10101101111101111000
10101101111101111000
10101101111101111000
10101101111101111000
10101101111101111000
10101101111101111000
10101101111101111000
10101101111101111000
10101101111101111000
10101101111101111000
10101101111101111000
10101101111101111000
10101101111101111000
10101101111101111000
10101101111101111000
10101101111101111000
10101101111101111000
10101101111101111000
10101101111101111000
10101101111101111000
10101101111101111000
10101101111101111000
10101101111101111000
10101101111101111000
10101101111101111000
10101101111101111000
10101101111101111000
10101101111101111000
10101101111101111000
10101101111101111000
10101101111101111000
10101101111101111000
10101101111101111000
10101101111101111000
10101101111101111000
10101101111101111000
10101101111101111000
10101101111101111000
10101101111101111000
10101101111101111000
10101101111101111000
10101101111101111000
10101101111101111000
10101101111101111000
10101101111101111000
10101101111101111000
10101101111101111000
10101101111101111000
